47227
41332
34661
13064
39589
18675
33422
34058
35865
66518
57525
18223
76899
43520
17685
76530
55459
77923
71005
14056
48531
34425
62314
84805
71959
44190
31377
20989
28202
72785
73809
55240
22290
67305
55150
71030
66167
26619
60200
72031
19178
41640
75681
25336
21434
76344
30587
35255
35018
72309
88195
78917
23313
61833
21978
79352
69629
17630
72589
34136
45119
58288
65045
32836
86156
57431
38758
42312
55767
48000
14149
20987
14953
89062
30176
83758
29535
12066
58864
62421
23600
20772
75477
49927
43203
55761
37454
70948
21275
27598
30051
89751
13828
38217
50698
52027
63018
67353
84038
26564
71371
11856
54843
27333
75681
11856
40670
65111
41835
16428
40594
48830
38464
73856
26203
81049
39156
40541
87911
41170
20940
37362
23155
87864
80687
69694
64580
35403
31050
19780
74423
42146
69735
33779
12332
57391
14464
16897
65288
86945
64437
43299
70117
44725
36006
35661
16847
83846
86629
15917
28578
51603
84426
13024
79252
83513
53369
63283
46289
27946
75690
65696
51716
46079
41806
41587
48805
13547
10833
69094
36197
68747
61999
19768
20674
28787
36715
47014
32237
35144
83510
29202
87289
89132
31678
78502
29736
43329
40280
59862
12653
80443
51081
87277
43197
54069
56310
80330
18718
56625
69610
42627
72387
70622
57424
70321
57079
67777
54769
64587
60403
23146
23782
45012
65549
33061
36315
56245
55531
82978
40442
53697
79134
12283
71514
69539
45040
56597
28960
66227
83870
56282
10785
11059
14602
44955
86498
73620