[0, 0] 8954
[8, 0] 4
[9, 0] 144
[10, 0] 4
[17, 0] 4
[18, 0] 10664
[19, 0] 836
[24, 0] 918
[37, 0] 1120
[41, 0] 3942
[52, 0] 8944
[66, 0] 11524
[69, 0] 4
[70, 0] 832
[73, 0] 5040
[80, 0] 112
[86, 0] 4352
[100, 0] 40
[104, 0] 10508
[115, 0] 12
[117, 0] 3192
[122, 0] 4
[131, 0] 1554
[134, 0] 3564
[137, 0] 40
[68, 1] 4
[89, 1] 192
[31, 2] 4526
[74, 2] 7140
[101, 2] 4
[123, 2] 2244
[14, 3] 4
[25, 3] 84
[35, 3] 4
[41, 4] 12
[48, 4] 4
[72, 4] 4
[91, 4] 1344
[63, 5] 4
[87, 5] 3840
[117, 5] 480
[41, 6] 4216
[72, 6] 12
[100, 6] 728
[1, 7] 756
[31, 7] 10240
[85, 7] 1190
[10, 8] 494
[27, 8] 84
[67, 8] 12250
[105, 8] 11440
[127, 8] 1672
[136, 8] 24
[0, 9] 840
[50, 9] 8892
[57, 9] 4
[72, 9] 4
[37, 10] 24
[99, 10] 4
[117, 10] 4
[126, 10] 4
[135, 10] 2736
[6, 11] 5104
[54, 11] 12
[97, 11] 12150
[122, 11] 14200
[72, 12] 26760
[76, 12] 12
[137, 12] 4
[74, 13] 4
[36, 14] 3304
[112, 14] 2310
[134, 14] 4
[139, 14] 4
[0, 15] 4200
[17, 15] 392
[21, 15] 4
[68, 15] 4
[113, 15] 12
[7, 16] 12
[19, 16] 16240
[42, 16] 4
[19, 17] 4
[40, 17] 4
[120, 18] 7068
[132, 18] 4
[55, 19] 3432
[62, 19] 1054
[66, 19] 5040
[13, 20] 2156
[93, 20] 140
[133, 20] 1470
[8, 21] 4
[9, 21] 504
[30, 21] 12
[37, 21] 4
[126, 21] 4
[35, 22] 4
[41, 22] 4
[42, 22] 9880
[43, 22] 32
[57, 22] 4
[74, 22] 12512
[11, 23] 162
[38, 23] 644
[96, 23] 11360
[110, 23] 7276
[117, 23] 84
[23, 24] 220
[56, 24] 4740
[90, 24] 112
[98, 24] 50
[103, 24] 10150
[116, 24] 4
[132, 24] 60
[6, 25] 162
[13, 25] 7600
[28, 25] 72
[84, 25] 12
[137, 25] 648
[0, 26] 546
[82, 26] 352
[129, 26] 4
[131, 26] 4
[27, 27] 220
[33, 27] 50
[35, 27] 3658
[86, 27] 1026
[112, 27] 4
[128, 27] 20736
[23, 28] 160
[24, 28] 9266
[32, 28] 24
[73, 28] 4
[9, 30] 216
[40, 30] 4
[135, 30] 4
[28, 31] 4
[121, 31] 4
[6, 32] 1872
[20, 32] 4
[31, 32] 650
[33, 32] 4
[55, 32] 7344
[56, 32] 24
[82, 32] 12036
[137, 32] 60
[3, 33] 9976
[63, 33] 24
[89, 33] 4
[110, 33] 3168
[35, 34] 1326
[47, 34] 40
[58, 34] 12
[64, 34] 18960
[74, 34] 1088
[109, 34] 252
[49, 35] 40
[107, 35] 4
[116, 35] 4420
[121, 35] 112
[12, 36] 4
[13, 36] 6732
[14, 36] 4
[44, 36] 1280
[53, 36] 98
[62, 36] 4
[0, 38] 4
[29, 38] 10918
[50, 38] 84
[62, 38] 5250
[98, 38] 6408
[21, 39] 24
[25, 39] 4
[39, 39] 10660
[103, 39] 12
[106, 39] 60
[107, 39] 4
[134, 40] 6720
[37, 41] 4
[38, 41] 8640
[73, 41] 60
[90, 41] 2040
[111, 41] 12
[123, 41] 4
[126, 41] 3780
[83, 42] 84
[111, 42] 14430
[100, 43] 4
[51, 44] 4
[55, 44] 12
[93, 44] 900
[3, 45] 11266
[23, 45] 396
[35, 45] 4
[53, 45] 24
[57, 45] 12
[72, 45] 50018
[98, 45] 12
[55, 46] 5742
[97, 46] 728
[15, 48] 11956
[22, 48] 12
[32, 48] 4
[54, 48] 4
[68, 48] 4
[86, 48] 4
[87, 48] 4
[20, 49] 4
[21, 49] 7520
[18, 50] 12
[42, 50] 4256
[45, 50] 4
[47, 50] 128
[104, 50] 4980
[139, 50] 4
[15, 51] 4
[60, 51] 12
[125, 51] 8132
[139, 51] 2352
[19, 52] 4
[38, 52] 192
[74, 52] 528
[112, 52] 24
[10, 53] 12
[40, 53] 3276
[0, 54] 4
[42, 54] 4
[73, 54] 4
[18, 55] 4
[28, 55] 11700
[52, 55] 32
[72, 55] 11022
[112, 55] 1520
[114, 55] 4
[0, 56] 4
[7, 56] 1560
[27, 56] 4
[41, 56] 4
[93, 56] 11438
[114, 56] 4
[43, 57] 12
[61, 57] 1980
[69, 57] 4
[70, 57] 12
[112, 57] 6534
[114, 57] 24
[119, 57] 12
[23, 58] 40
[49, 58] 6780
[56, 58] 4
[2, 59] 4
[133, 59] 3808
[42, 60] 13524
[101, 60] 570
[119, 60] 4
[12, 61] 7326
[86, 61] 4
[88, 61] 4
[122, 61] 5124
[128, 61] 12
[137, 61] 2652
[4, 62] 1512
[6, 62] 24
[23, 62] 12
[31, 62] 312
[62, 62] 2050
[79, 62] 4
[80, 62] 60
[83, 62] 4
[120, 62] 972
[124, 62] 4
[35, 63] 4
[73, 63] 24
[74, 63] 112
[77, 63] 494
[85, 63] 4
[102, 63] 1360
[7, 64] 242
[84, 64] 2728
[89, 64] 12
[97, 64] 12
[22, 65] 60
[24, 65] 8346
[74, 65] 2650
[90, 66] 4
[119, 66] 11286
[39, 67] 3360
[60, 67] 2300
[73, 67] 40
[83, 67] 4
[117, 67] 12
[134, 67] 4
[36, 68] 12
[70, 68] 4
[79, 68] 18904
[92, 68] 12
[3, 69] 5050
[31, 69] 52658
[39, 69] 12
[64, 69] 1144
[97, 69] 40
[110, 69] 360
[113, 69] 60
[9, 70] 84
[61, 70] 2392
[112, 70] 616
[116, 70] 4
[10, 71] 884
[37, 71] 4
[102, 71] 2350
[110, 71] 1368
[136, 71] 11564
[75, 72] 9116
[101, 72] 4
[74, 73] 4
[84, 73] 23712
[102, 73] 4
[9, 74] 4
[20, 74] 3840
[26, 74] 5824
[27, 74] 12
[39, 74] 40
[62, 74] 4
[72, 74] 12
[100, 74] 12
[119, 74] 12
[60, 75] 4524
[61, 75] 24
[74, 75] 4
[117, 75] 468
[37, 76] 15428
[53, 76] 2736
[98, 76] 4
[100, 76] 864
[7, 77] 84
[11, 77] 2600
[69, 77] 144
[90, 77] 4
[24, 78] 4
[39, 78] 4
[94, 78] 3504
[107, 78] 4
[92, 79] 12
[108, 79] 4
[109, 79] 8352
[110, 79] 4
[116, 79] 512
[123, 79] 12
[139, 79] 24
[6, 80] 4
[105, 80] 220
[106, 80] 4
[116, 80] 4
[4, 81] 456
[67, 81] 10416
[79, 81] 4
[108, 81] 24
[118, 81] 4
[138, 81] 4312
[0, 82] 896
[116, 82] 4
[121, 82] 3192
[61, 83] 8268
[102, 83] 84
[103, 83] 1218
[119, 83] 112
[126, 83] 72
[23, 84] 4
[56, 84] 4
[58, 84] 98
[79, 84] 12
[8, 85] 6888
[10, 85] 4
[46, 85] 4380
[55, 85] 4
[57, 85] 4
[16, 86] 9840
[39, 86] 112
[64, 86] 12
[94, 86] 4
[97, 86] 17050
[118, 86] 4
[9, 87] 1240
[56, 87] 4
[59, 87] 4
[39, 88] 12
[57, 88] 72
[94, 88] 84
[105, 88] 5100
[117, 88] 98
[128, 88] 10560
[134, 88] 4
[48, 89] 162
[106, 89] 4
[6, 90] 72
[21, 90] 4
[130, 90] 2000
[133, 90] 8686
[17, 91] 4
[36, 91] 1296
[49, 91] 352
[54, 91] 60
[85, 91] 4
[87, 91] 2520
[138, 91] 4
[32, 92] 4
[39, 92] 4
[55, 92] 1330
[61, 92] 12
[78, 92] 140
[82, 92] 4
[114, 92] 4
[116, 92] 4
[13, 93] 4032
[29, 93] 264
[66, 93] 4
[89, 93] 6336
[113, 93] 4
[12, 94] 4
[62, 94] 24
[66, 94] 6468
[82, 94] 2552
[2, 95] 3640
[9, 95] 4
[16, 95] 40
[38, 95] 6480
[41, 95] 9338
[78, 95] 60
[115, 95] 24
[12, 96] 4
[89, 96] 24
[122, 96] 4
[13, 97] 4
[22, 97] 24
[28, 97] 286
[60, 97] 4
[114, 97] 3348
[129, 97] 4
[25, 98] 1976
[40, 98] 960
[57, 98] 60
[10, 99] 4
[76, 99] 4320
[122, 99] 4
[0, 100] 408
[8, 100] 4
[19, 100] 448
[11, 101] 4
[58, 101] 6992
[61, 101] 4
[74, 101] 900
[97, 101] 40
[105, 101] 4410
[113, 101] 4
[119, 101] 12
[12, 102] 4
[21, 102] 7840
[63, 102] 2288
[64, 102] 4
[85, 102] 24
[133, 102] 2200
[10, 103] 140
[13, 103] 98
[32, 103] 2256
[65, 103] 4
[125, 103] 24
[43, 104] 220
[46, 104] 2014
[67, 104] 4
[75, 104] 416
[87, 104] 2350
[100, 104] 5160
[119, 104] 11844
[1, 105] 2200
[5, 105] 32
[69, 105] 800
[114, 105] 1748
[123, 105] 12
[124, 105] 336
[128, 105] 10332
[134, 105] 40
[8, 106] 1152
[24, 106] 4
[39, 106] 2550
[51, 106] 4
[53, 106] 4
[108, 106] 1480
[28, 107] 3422
[76, 107] 4
[79, 107] 598
[113, 107] 4
[125, 107] 12
[71, 108] 3132
[9, 109] 60
[44, 109] 12
[57, 109] 616
[87, 109] 2352
[118, 109] 700
[129, 109] 4
[24, 110] 12
[25, 110] 4898
[35, 110] 4
[63, 110] 72
[66, 110] 50
[82, 110] 4
[83, 110] 6188
[87, 110] 12
[10, 111] 1800
[13, 111] 1296
[104, 111] 198
[127, 111] 24
[40, 112] 4
[43, 112] 4
[62, 112] 15778
[64, 112] 4
[65, 112] 374
[77, 112] 4
[94, 112] 4
[103, 112] 442
[126, 112] 800
[2, 113] 12
[12, 113] 4
[43, 113] 252
[49, 113] 24
[59, 113] 4
[82, 113] 4
[88, 113] 4
[120, 113] 4
[34, 114] 12
[45, 114] 84
[49, 114] 3240
[58, 114] 4
[65, 114] 4
[70, 114] 1880
[94, 114] 24
[113, 114] 24
[2, 115] 300
[38, 115] 4
[40, 115] 24
[45, 115] 3840
[76, 115] 4154
[98, 115] 2806
[29, 116] 144
[34, 116] 220
[37, 116] 4
[75, 116] 4
[126, 116] 4
[14, 117] 24
[38, 117] 4
[58, 117] 4
[122, 117] 2226
[123, 117] 12
[1, 118] 3450
[16, 118] 4
[27, 118] 18120
[102, 118] 4544
[131, 118] 4
[10, 119] 4686
[18, 119] 12972
[116, 119] 7566
[128, 119] 29568
[136, 119] 408
[18, 120] 4
[31, 120] 12
[37, 120] 4
[41, 120] 9864
[53, 120] 598
[57, 120] 418
[87, 120] 10988
[88, 120] 24
[103, 120] 4
[54, 121] 4
[97, 121] 4
[99, 121] 24
[50, 122] 7956
[65, 122] 4
[72, 122] 4
[3, 123] 484
[27, 123] 4
[34, 123] 384
[64, 123] 4
[74, 123] 2208
[125, 123] 12
[133, 123] 616
[36, 124] 40
[81, 124] 4
[134, 124] 264
[61, 125] 40
[77, 125] 4
[86, 125] 9576
[107, 125] 900
[139, 125] 12
[0, 126] 384
[71, 126] 4
[104, 126] 308
[62, 128] 4
[63, 128] 7722
[73, 128] 1400
[81, 128] 782
[118, 128] 4800
[139, 128] 4
[2, 129] 4056
[26, 129] 4
[133, 129] 868
[13, 130] 12
[84, 130] 4
[98, 130] 60
[106, 130] 1482
[123, 130] 24
[28, 131] 14628
[37, 131] 4
[70, 131] 4
[72, 131] 4
[110, 131] 40
[118, 131] 4
[34, 132] 418
[38, 132] 4
[45, 132] 2700
[46, 132] 4
[61, 132] 12
[71, 132] 40
[77, 132] 4
[79, 132] 240
[100, 132] 616
[16, 133] 4
[43, 133] 1640
[77, 133] 1216
[0, 134] 216
[8, 134] 144
[32, 134] 4
[90, 134] 4
[113, 134] 24
[36, 135] 4
[54, 135] 864
[82, 135] 12
[93, 135] 3770
[109, 135] 1224
[126, 135] 128
[121, 136] 60
[11, 137] 4
[104, 137] 4
[117, 137] 4
[7, 138] 24
[73, 138] 12
[85, 138] 200
[77, 139] 4